# Puzzle
QR code with a bunch of manual manipulation.

# Working
https://docs.google.com/spreadsheets/d/1-Dlc5Pqcjt93nVAzIa_KuebVUMpVAVotAOZgOIvPioI/edit?usp=sharing

# Answer
code-two.replit.app

# Ignore this
1  0000000110000010010000000
2  0111110110110001010111110
3  0100010100111100101000100
4  0100010111011000010100010
5  0100010101001010010100010
6  0111110100000001110111110
7  0000000101010101010000000
8  0000000000100000000000000
   0|DDD|gg
9  
10 
11 
12 
13 
14 
15 
16 
17 
18 
19 
20 
22 
23 
24 
25 

01234567 89012345 67890123 4
00000001 10000010 01000000 0  1 130 64 0
01111101 10110001 01011111 0  125 177 95 0
0100010100111100101000100     69 60 162 0

00000 00110 00001 00100 00000
P Z D L P





